1.9693013925165554 4.667432441133847
1.7917830018351808 4.633837925802473
1.6178799966055597 4.557278120284584
1.4482926228517692 4.438061303895697
1.2837037490731098 4.276667520678578
1.1247761165736705 4.0737466464353105
0.9721496708370081 3.830115771906813
0.8264389846915521 3.5467559126368142
0.6882307836427317 3.224808058768499
0.558081583336447 2.8655685806799043
0.4365154486669818 2.470484008957956
0.32402188355264006 2.0411452097303426
0.22105385987623438 1.5792809788091018
0.12802599352718858 1.0867510804400495
0.04531287488968294 0.5655387586885579
-0.026752439500608016 0.017742751615680508
-0.08787976805763886 -0.554431159599288
-0.13782297260382048 -1.1486790325611012
-0.17638094948158622 -1.7626080408214262
-0.20339843932684953 -2.3937461089464156
-0.21876665224365732 -3.03955186669198
-0.22242370586270788 -3.697424882204795
-0.21435487451981317 -4.364716133043571
-0.1945926485509455 -5.038738672857472
-0.1632166034651279 -5.7167784507707236
-0.12035307952194119 -6.3961052399075795
-0.06617467300389102 -7.073983631052344
-0.0008995412320942364 -7.747684047176831
0.07520947587625493 -8.414493734483672
0.16184591417146388 -9.071727685708408
0.2586609192943099 -9.716739451696084
0.365264651389416 -10.34693179771795
0.4812278548527571 -10.959767161619038
0.6060835867924781 -11.552777871685342
0.739329097243107 -12.123576083086856
0.8804278535622361 -12.669863392885945
1.0288117008580921 -13.189440094894742
1.18388314974877 -13.680214037115627
1.345017782241088 -14.140209046098873
1.5115667660414662 -14.567572884295679
1.6828594671745623 -14.96058470836503
1.8582061503896095 -15.317661998402475
2.036900756480816 -15.637366930189232
2.2182237453386033 -15.918412164802868
2.4014449932836586 -16.159666032276753
2.585826733017305 -16.360157088435617
2.7706265243500217 -16.519078026558386
2.9551002437460463 -16.635788928117382
3.138505080646222 -16.70981983950442
3.3201025285039436 -16.74087266436809
3.4991613584903782 -16.72882236394257
3.6749605638948664 -16.673717460534597
3.8467922633644807 -16.575779842141255
4.013964551292383 -16.43540386898535
4.175804283877506 -16.25315478556595
4.331659789637053 -16.02976644461831
4.4809034934575624 -15.766138352147903
4.622934443618382 -15.463332045437214
4.757180731612155 -15.122566818609766
4.883101795018519 -14.745214812963031
5.000190594158195 -14.332795491839711
5.107975653762804 -13.886969522285137
5.206022961439388 -13.40953208812721
5.293937715285117 -12.902405661404718
5.371365913615222 -12.367632261250954
5.437995780402824 -11.807365231403407
5.4935590206909675 -11.223860569448501
5.537831900921712 -10.619467842715613
5.570636149832205 -9.996620727398643
5.591839676290139 -9.357827209000957
5.60135710117812 -8.705659483562949
5.599150101185241 -8.042743600336436
5.585227563121526 -7.371748887611135
5.559645548133885 -6.695377204271788
5.522507065967659 -6.01635206036602
5.473961660182737 -5.337407650490668
5.414204805994416 -4.661277844155089
5.343477123163702 -3.9906851774535945
5.26206340710646 -3.328329890373481
5.17029148212279 -2.676879053881666
5.068530881364271 -2.038955830571179
4.957191358854386 -1.417128912111257
4.836721239553695 -0.8139021760326192
4.707605614113443 -0.23170460349632696
4.570364385586721 0.32711950135602086
4.425550175962369 0.8603199510876762
4.273746100951275 1.3657497356773318
4.115563421985203 1.8413736677707464
3.9516390848827605 2.2852765776618815
3.7826331550933823 2.695671025005377
3.609226159846745 3.070904496207937
3.4321163479097865 3.409466058517344
3.2520168779853726 3.709992444015371
3.0696529470739 3.971273539016542
2.8857588703609416 4.19225725676881
2.701075124389149 4.37205377383562
2.5163453654205714 4.509939113100802
2.332313434995363 4.605358058968903
2.14972036474442 4.657926393022443
1.9693013925165561 4.667432441133847
